function d = ParamDomain
% ParamDomain: Parameter domain for "realistic" motoneuron
% configuration
%
% The domain has been identified in preliminary experiments regarding the
% resulting firing frequency of the motoneuron. Only those parameters are
% taken that produce a 6-50Hz response.
%
% Return values:
% d: The parameter domain @type sampling.Domain
%
% @author Timm Strecker @date 2014-01-16
%
% @new{0,7,ts,2014-01-16} Added this function.
%
% This class is part of the framework
% KerMor - Model Order Reduction using Kernels:
% - \c Homepage http://www.agh.ians.uni-stuttgart.de/research/software/kermor.html
% - \c Documentation http://www.agh.ians.uni-stuttgart.de/documentation/kermor/
% - \c License @ref licensing
param_domain = zeros(2,795);

param_domain(1,:) = [0.0001 0.1863 0.0850 0.9889 0.2116 0.4916 ...
    0.6944 0.9446 0.9034 0.8833 0.7509 0.9034 0.9085 0.9326 ...
    0.0199 0.0283 0.8600 0.1242 0.5610 0.8071 0.5597 0.1568 0.5797 0.7528 ...
    0.9156 0.8271 0.4015 0.9738 0.9828 0.5925 0.7853 0.8447 ...
    0.7996 0.2597 0.6323 0.7966 0.9013 0.9747 0.3557 0.9898 ...
    0.2477 0.7502 0.2973 0.2214 0.8459 0.8032 0.9047 0.6185 ...
    0.5386 0.1468 0.5337 0.9389 0.2901 0.5768 0.5742 0.5956 ...
    0.4517 0.9754 0.9728 0.1377 0.9844 0.7549 0.1248 0.8100 ...
    0.6444 0.6717 0.7738 0.7822 0.3951 0.9857 0.5724 0.8620 ...
    0.8602 0.2781 0.5432 0.1384 0.6139 0.8281 0.7845 0.8429 ...
    0.9488 0.8380 0.9893 0.8612 0.1443 0.7946 0.7778 0.6363 ...
    0.1615 0.8003 0.5096 0.9483 0.6237 0.7953 0.5257 0.6442 ...
    0.5564 0.9951 0.5167 0.8749 0.8860 0.4091 0.0258 0.6518 ...
    0.9935 0.4740 0.2536 0.5278 0.4541 0.8638 0.9439 0.6842 ...
    0.8146 0.2483 0.8818 0.9176 0.7213 0.7883 0.3033 0.6958 ...
    0.9711 0.1986 0.8992 0.9563 0.9300 0.8894 0.3092 0.3833 ...
    0.6384 0.1267 0.0793 0.6724 0.7873 0.5370 0.4506 0.9787 ...
    0.5380 0.5615 0.5183 0.7680 0.0747 0.9985 0.7256 0.4615 ...
    0.7104 0.0058 0.0557 0.4770 0.6296 0.9841 0.0475 0.4902 ...
    0.2947 0.5905 0.6332 0.9380 0.2835 0.9639 0.9899 0.8499 ...
    0.1580 0.2655 0.1458 0.1204 0.9699 0.9553 0.9616 0.2880 ...
    0.6499 0.3116 0.9867 0.7139 0.6510 0.9425 0.9029 0.0394 ...
    0.7997 0.9862 0.9029 0.2948 0.7231 0.0698 0.5276 0.6590 ...
    0.8368 0.7708 0.2355 0.9604 0.8202 0.9226 0.9803 0.9461 ...
    0.6827 0.9825 0.8494 0.6435 0.4636 0.5322 0.2049 0.3921 ...
    0.8641 0.7965 0.9621 0.5099 0.9582 0.6280 0.3224 0.2236 ...
    0.2720 0.1329 0.2788 0.3074 0.5001 0.6246 0.7328 0.9986 ...
    0.6065 0.1467 0.8703 0.3686 0.6280 0.3053 0.9300 0.8252 ...
    0.8780 0.6417 0.8858 0.9721 0.5499 0.9236 0.1982 0.4775 ...
    0.1158 0.6116 0.0261 0.5193 0.0151 0.7455 0.4509 0.2309 ...
    0.6831 0.1507 0.5467 0.6906 0.9011 0.9707 0.3904 0.5133 ...
    0.8682 0.4021 0.2582 0.7288 0.8471 0.5272 0.5120 0.5938 ...
    0.6199 0.8278 0.9431 0.5311 0.2150 0.8755 0.4946 0.5033 ...
    0.0768 0.8732 0.1032 0.0400 0.8594 0.2604 0.3877 0.6796 ...
    0.2610 0.9484 0.9310 0.1718 0.8877 0.2858 0.5755 0.8871 ...
    0.9971 0.5817 0.4882 0.3140 0.2260 0.3912 0.2160 0.1900 ...
    0.9632 0.5360 0.6123 0.0828 0.5297 0.9888 0.9720 0.7935 ...
    0.9521 0.6668 0.8422 0.3637 0.6735 0.8389 0.5858 0.2972 ...
    0.2176 0.9846 0.9652 0.6886 0.9733 0.5843 0.9875 0.6749 ...
    0.9893 0.2278 0.4784 0.7972 0.9864 0.9586 0.2697 0.5871 ...
    0.8121 0.5997 0.4156 0.5069 0.5378 0.8767 0.1354 0.8200 ...
    0.3199 0.0159 0.8342 0.2632 0.2718 0.7737 0.8880 0.9983 ...
    0.1716 0.2696 0.2784 0.1487 0.9350 0.4003 0.7872 0.9498 ...
    0.1169 0.9800 0.2362 0.6739 0.6836 0.4790 0.7883 0.7305 ...
    0.2549 0.7598 0.9365 0.0096 0.3713 0.3649 0.8173 0.9934 ...
    0.0705 0.1678 0.5059 0.5762 0.9631 0.5380 0.3075 0.4204 ...
    0.3655 0.0367 0.5511 0.5274 0.6955 0.4222 0.6008 0.6499 ...
    0.4247 0.7321 0.6613 0.7105 0.1011 0.8646 0.1022 0.1798 ...
    0.9755 0.4039 0.0916 0.9720 0.5666 0.8792 0.7708 0.8869 ...
    0.6029 0.9730 0.2531 0.8353 0.8925 0.5749 0.3639 0.2943 ...
    0.9608 0.4396 0.6406 0.9961 0.4184 0.4135 0.9967 0.5508 ...
    0.8568 0.4545 0.9798 0.8674 0.8765 0.4330 0.9608 0.3386 ...
    0.6062 0.8217 0.6417 0.1794 0.6156 0.9605 0.3612 0.2430 ...
    0.4054 0.9762 0.7391 0.5977 0.7925 0.7865 0.2552 0.8874 ...
    0.1615 0.9448 0.3351 0.0078 0.6276 0.3717 0.1559 0.3920 ...
    0.9421 0.5028 0.5724 0.3360 0.2299 0.0230 0.9046 0.9883 ...
    0.5853 0.8940 0.9298 0.5236 0.3903 0.8936 0.0767 0.8942 ...
    0.7334 0.7593 0.4232 0.6652 0.8661 0.4105 0.3359 0.7289 ...
    0.8893 0.1306 0.7071 0.5796 0.7328 0.7648 0.1262 0.8288 ...
    0.1376 0.5573 0.3976 0.0004 0.8830 0.5178 0.0145 0.2812 ...
    0.2579 0.5383 0.8433 0.9665 0.3825 0.3336 0.3598 0.7988 ...
    0.9975 0.8463 0.5557 0.8499 0.2807 0.7869 0.8996 0.5576 ...
    0.6391 0.7102 0.4089 0.4950 0.7939 0.3985 0.9723 0.2071 ...
    0.6627 0.5644 0.5062 0.9124 0.8293 0.9723 0.7916 0.2840 ...
    0.8899 0.5567 0.2712 0.5152 0.8197 0.9269 0.2128 0.7836 ...
    0.3557 0.9743 0.4898 0.5401 0.2351 0.8692 0.8506 0.8977 ...
    0.9446 0.8724 0.9977 0.7793 0.6234 0.7647 0.9940 0.1082 ...
    0.4664 0.9490 0.8833 0.6742 0.9032 0.9821 0.5589 0.9579 ...
    0.9705 0.4505 0.8068 0.5470 0.2440 0.8625 0.9880 0.9766 ...
    0.5141 0.5797 0.6726 0.9358 0.9181 0.5537 0.7945 0.9968 ...
    0.8641 0.8800 0.9840 0.4516 0.6881 0.7020 0.1221 0.6494 ...
    0.9530 0.7578 0.1040 0.8813 0.9508 0.8170 0.0306 0.6413 ...
    0.6970 0.9000 0.4635 0.5495 0.2609 0.8511 0.9352 0.0986 ...
    0.4407 0.0788 0.4973 0.6940 0.0078 0.7667 0.6790 0.7107 ...
    0.8899 0.9825 0.4607 0.0529 0.9348 0.4373 0.5956 0.4466 ...
    0.8643 0.6969 0.3819 0.1642 0.6300 0.3823 0.0966 0.8414 ...
    0.1562 0.9167 0.9557 0.3937 0.9098 0.8099 0.8619 0.7684 ...
    0.4899 0.8073 0.1606 0.0723 0.1222 0.0122 0.6593 0.8345 ...
    0.4727 0.8725 0.8840 0.3153 0.0558 0.6772 0.5835 0.6310 ...
    0.9259 0.9397 0.6605 0.6811 0.6819 0.9044 0.8973 0.8616 ...
    0.9297 0.7891 0.8376 0.8419 0.1976 0.5834 0.5601 0.1588 ...
    0.3048 0.8932 0.3896 0.8146 0.6349 0.0067 0.6779 0.8582 ...
    0.7940 0.0881 0.3256 0.9576 0.9142 0.4503 0.9315 0.2937 ...
    0.4957 0.2134 0.1715 0.3312 0.9604 0.0256 0.7034 0.6804 ...
    0.7034 0.4668 0.8692 0.8702 0.9933 0.8068 0.7434 0.6152 ...
    0.6970 0.2494 0.9223 0.4344 0.2694 0.8408 0.4057 0.3790 ...
    0.9334 0.4871 0.9803 0.7688 0.5563 0.9363 0.8049 0.0480 ...
    0.6875 0.9895 0.7263 0.9151 0.5777 0.4363 0.6681 0.0908 ...
    0.1550 0.3344 0.7186 0.6827 0.9880 0.1934 0.6348 0.7762 ...
    0.8936 0.0935 0.8894 0.0932 0.3436 0.0097 0.7211 0.8628 ...
    0.6327 0.2356 0.9303 0.6989 0.3942 0.9963 0.7415 0.4062 ...
    0.7780 0.5853 0.8087 0.7593 0.8866 0.6572 0.8037 0.2693 ...
    0.7279 0.4497 0.0370 0.9928 0.9897 0.2744 0.6731 0.6883 ...
    0.8002 0.1588 0.9911 0.7502 0.5426 0.7644 0.1345 0.9822 ...
    0.0544 0.6780 0.2581 0.3762 0.6699 0.7690 0.3042 0.9800 ...
    0.3244 0.8557 0.9992 0.5150 0.2851 0.9639 0.9539 0.9758 ...
    0.8031 0.1989 0.8809 0.8222 0.7115 0.5579 0.9072 0.3444 ...
    0.1897 0.4861 0.8489 0.9944 0.9144 0.9846 0.8770 0.9339 ...
    0.8603 0.2030 0.9224 0.7815 0.3865 0.1532 0.8259 0.8041 0.8211 0.9187 0.1113];

